71.61210000000001
61.569
57.412699999999994
57.7704
42.5415
71.6106
71.57130000000001
47.7335
71.5817
68.1327
57.308099999999996
69.0541
39.4892
44.491800000000005
71.52860000000001
50.057199999999995
40.9096
45.021699999999996
71.5093
49.683099999999996
56.0166
42.855
64.12140000000001
69.8463
71.55369999999999
70.507
60.6278
56.5282
56.8856
41.886
70.50280000000001
70.4668
46.9968
70.487
67.0836
56.4254
67.99
38.8855
43.8048
70.43469999999999
49.2904
40.279199999999996
44.3235
70.41560000000001
48.923199999999994
55.159800000000004
42.1907
63.133199999999995
68.7736
70.4516