95.20530000000001
50.0255
44.6637
51.725300000000004
42.0741
118.564
78.1762
86.32130000000001
87.31110000000001
80.7681
41.6886
79.8357
45.2962
74.82719999999999
77.07239999999999
94.0836
43.7712
98.73010000000001
67.3058
82.2504
41.2037
79.0617
72.4362
41.6065
39.4658
94.4074
49.604099999999995
44.289300000000004
51.2906
41.7213
117.569
77.52
85.5965
86.57889999999999
80.0915
41.338800000000006
79.1658
44.9163
74.1991
76.425
93.295
43.4039
97.9014
66.74130000000001
81.55969999999999
40.857699999999994
78.398
71.8282
41.2573
39.134