29.9786
34.5627
32.8399
33.866
32.897800000000004
29.1005
29.936700000000002
30.5118
30.999299999999998
32.000299999999996
30.0078
35.840300000000006
29.435299999999998
30.2847
29.6292
29.7758
29.7945
29.5293
30.835900000000002
33.8821
30.406299999999998
35.2412
34.057199999999995
30.9492
19.0716
29.324099999999998
33.8142
32.1197
33.127300000000005
32.1798
28.455
29.2847
29.8459
30.3253
31.3038
29.3578
35.0655
28.7945
29.6234
28.9799
29.1285
29.146099999999997
28.8855
30.1647
33.1692
29.7591
34.4819
33.3377
30.2822
18.660700000000002