72.9431
63.723800000000004
58.9617
59.268699999999995
44.8302
72.6332
72.6265
49.399800000000006
72.5383
69.9772
58.4089
70.3774
41.432
46.1575
73.3275
51.658199999999994
42.536300000000004
46.5033
73.0592
51.861
57.9467
44.276
65.98360000000001
71.8488
73.2993
71.81739999999999
62.7497
58.0533
58.3609
44.1394
71.5095
71.50580000000001
48.6375
71.4289
68.8998
57.5092
69.29289999999999
40.7986
45.4447
72.2061
50.866800000000005
41.880900000000004
45.782199999999996
71.9418
51.067800000000005
57.0604
43.5897
64.9667
70.74539999999999
72.1703