409.5
344.5
344.5
396.5
409.5
325
370.5
305.5
273
364
344.5
383.5
286
377
279.5
364
318.5
286
409.5
422.5
338
494
468
442
416
403
370.5
338
305.5
422.5
318.5
422.5
344.5
442
286
357.5
357.5
344.5
273
390
468
253.5
325
325
331.5
396.5
312
305.5
292.5
383.5
390
370.5
377
500.5
474.5
403
325
416
468
448.5
409.5
377
422.5
442
331.5
396.5
455
435.5
390
383.5
396.5
396.5
403
370.5
331.5
318.5
403
383.5
279.5
429
520
396.5
390
344.5
461.5
409.5
435.5
351
312
331.5
338
357.5
377
273
325
357.5
364
338
396.5
351
273
331.5
370.5
383.5
344.5
357.5
331.5
344.5
357.5
396.5
442
357.5
390
344.5
370.5
351
383.5
318.5
299
338
370.5
331.5
357.5
390
403
351
331.5
318.5
253.5
344.5
351
318.5
370.5
292.5
461.5
351
312
364
370.5
305.5
396.5
409.5
338
396.5
344.5
370.5
383.5
331.5
396.5
344.5
370.5
273
325
318.5
305.5
292.5
305.5
383.5
338
240.5
266.5
370.5
383.5
325
273
312
227.5
396.5
318.5
292.5
286
351
247
377
351
299
377
435.5
325
396.5
377
409.5
351
351
364
390
305.5
299
266.5
370.5
364
396.5
416
351
331.5
344.5
357.5
377
299
429
338
396.5
370.5
266.5
409.5
318.5
286
409.5
409.5
325
325
253.5
396.5
351
331.5
318.5
416
338
364
403
383.5
292.5
370.5
325
396.5
351
429
422.5
357.5
422.5
448.5
461.5
487.5
370.5
338
383.5
396.5
416
390
351
409.5
364
331.5
468
390
396.5
351
331.5
435.5
390
481
351
383.5
435.5
429
338
305.5
448.5
364
370.5
344.5
396.5
403
338
364
318.5
299
299
435.5
448.5
357.5
377
318.5
338
338
312
331.5
416
338
357.5
396.5
357.5
383.5
357.5
351
338
318.5
409.5
435.5
331.5
396.5
292.5
370.5
416
442
338
416
312
331.5
455
357.5
383.5
351
364
448.5
331.5
338
318.5
299
247
331.5
279.5
403
331.5
318.5
403
364
377
325
351
351
305.5
318.5
305.5
383.5
299
377
383.5
455
429
357.5
396.5
370.5
429
448.5
344.5
422.5
325
383.5
325
383.5
344.5
396.5
403
416
390
377
474.5
383.5
383.5
396.5
377
461.5
448.5
409.5
331.5
435.5
390
448.5
370.5
370.5
305.5
396.5
364
292.5
403
390
390
377
351
312
396.5
500.5
331.5
318.5
435.5
370.5
344.5
344.5
305.5
416
396.5
312
331.5
357.5
403
429
351
344.5
266.5
